MEME version 5.5.3 (Sat Jun 10 16:19:38 2023 -0700)

ALPHABET= ACGT

strands: + -

Background letter frequencies (from uniform background):
A 0.25000 C 0.25000 G 0.25000 T 0.25000 

MOTIF MA0066.1 PPARG

letter-probability matrix: alength= 4 w= 20 nsites= 28 E= 0
  0.107143	  0.285714	  0.500000	  0.107143	
  0.107143	  0.000000	  0.000000	  0.892857	
  0.678571	  0.000000	  0.321429	  0.000000	
  0.000000	  0.035714	  0.964286	  0.000000	
  0.035714	  0.000000	  0.928571	  0.035714	
  0.000000	  0.035714	  0.142857	  0.821429	
  0.071429	  0.821429	  0.107143	  0.000000	
  0.928571	  0.035714	  0.000000	  0.035714	
  0.178571	  0.535714	  0.142857	  0.142857	
  0.178571	  0.250000	  0.357143	  0.214286	
  0.142857	  0.071429	  0.642857	  0.142857	
  0.035714	  0.000000	  0.071429	  0.892857	
  0.071429	  0.178571	  0.714286	  0.035714	
  0.785714	  0.178571	  0.000000	  0.035714	
  0.035714	  0.964286	  0.000000	  0.000000	
  0.000000	  0.892857	  0.000000	  0.107143	
  0.107143	  0.428571	  0.000000	  0.464286	
  0.785714	  0.178571	  0.000000	  0.035714	
  0.178571	  0.428571	  0.214286	  0.178571	
  0.250000	  0.000000	  0.035714	  0.714286	

MOTIF MA1118.1 SIX1

letter-probability matrix: alength= 4 w= 11 nsites= 1108 E= 0
  0.086643	  0.038809	  0.775271	  0.099278	
  0.361011	  0.069495	  0.081227	  0.488267	
  0.946751	  0.016245	  0.005415	  0.031588	
  0.971119	  0.007220	  0.009025	  0.012635	
  0.038809	  0.865523	  0.010830	  0.084838	
  0.101083	  0.786101	  0.027978	  0.084838	
  0.046029	  0.041516	  0.027076	  0.885379	
  0.043321	  0.008123	  0.925090	  0.023466	
  0.965704	  0.006318	  0.009928	  0.018051	
  0.131769	  0.161552	  0.260830	  0.445848	
  0.492780	  0.324910	  0.065884	  0.116426	

MOTIF MA0914.1 ISL2

letter-probability matrix: alength= 4 w= 8 nsites= 8134 E= 0
  0.144961	  0.239254	  0.514999	  0.100787	
  0.023068	  0.811851	  0.018166	  0.146915	
  0.911903	  0.026235	  0.021700	  0.040162	
  0.337678	  0.601538	  0.018267	  0.042517	
  0.035459	  0.021145	  0.027489	  0.915908	
  0.041867	  0.108133	  0.001958	  0.848042	
  0.776690	  0.028414	  0.008138	  0.186759	
  0.484262	  0.105865	  0.280186	  0.129687	

MOTIF MA0638.1 CREB3

letter-probability matrix: alength= 4 w= 14 nsites= 348 E= 0
  0.251592	  0.248408	  0.340764	  0.159236	
  0.068230	  0.166311	  0.159915	  0.605544	
  0.037106	  0.000000	  0.723562	  0.239332	
  0.286604	  0.644860	  0.006231	  0.062305	
  0.025830	  0.889299	  0.059041	  0.025830	
  0.996732	  0.000000	  0.000000	  0.003268	
  0.000000	  1.000000	  0.000000	  0.000000	
  0.006637	  0.000000	  0.988938	  0.004425	
  0.002646	  0.002646	  0.000000	  0.994709	
  0.037453	  0.917603	  0.029963	  0.014981	
  0.937500	  0.006250	  0.037500	  0.018750	
  0.022508	  0.369775	  0.090032	  0.517685	
  0.176152	  0.569106	  0.094851	  0.159892	
  0.383871	  0.161290	  0.316129	  0.138710	

MOTIF MA0896.1 Hmx1

letter-probability matrix: alength= 4 w= 17 nsites= 100 E= 0
  0.340000	  0.290000	  0.240000	  0.130000	
  0.170000	  0.430000	  0.270000	  0.130000	
  0.360000	  0.290000	  0.260000	  0.090000	
  0.690000	  0.060000	  0.160000	  0.090000	
  0.130000	  0.080000	  0.720000	  0.070000	
  0.010000	  0.950000	  0.000000	  0.040000	
  0.870000	  0.000000	  0.120000	  0.010000	
  0.880000	  0.110000	  0.000000	  0.010000	
  0.000000	  0.000000	  0.000000	  1.000000	
  0.019802	  0.059406	  0.000000	  0.920792	
  0.959596	  0.000000	  0.010101	  0.030303	
  0.888889	  0.010101	  0.040404	  0.060606	
  0.250000	  0.150000	  0.170000	  0.430000	
  0.141414	  0.222222	  0.505051	  0.131313	
  0.383838	  0.292929	  0.282828	  0.040404	
  0.326733	  0.128713	  0.237624	  0.306931	
  0.180000	  0.200000	  0.220000	  0.400000	

MOTIF MA0728.1 Nr2f6(var.2)

letter-probability matrix: alength= 4 w= 15 nsites= 375 E= 0
  0.347222	  0.055556	  0.597222	  0.000000	
  0.825545	  0.000000	  0.165109	  0.009346	
  0.000000	  0.000000	  1.000000	  0.000000	
  0.005435	  0.000000	  0.994565	  0.000000	
  0.000000	  0.000000	  0.002639	  0.997361	
  0.000000	  0.927677	  0.001391	  0.070932	
  0.940952	  0.057143	  0.000000	  0.001905	
  0.953052	  0.009390	  0.016432	  0.021127	
  0.518868	  0.000000	  0.295597	  0.185535	
  1.000000	  0.000000	  0.000000	  0.000000	
  0.000000	  0.000000	  1.000000	  0.000000	
  0.000000	  0.000000	  0.968750	  0.031250	
  0.005391	  0.000000	  0.000000	  0.994609	
  0.000000	  0.995595	  0.000000	  0.004405	
  0.980220	  0.000000	  0.019780	  0.000000	

MOTIF MA0095.2 YY1

letter-probability matrix: alength= 4 w= 12 nsites= 7171 E= 0
  0.157021	  0.639102	  0.111700	  0.092177	
  0.972668	  0.000000	  0.025241	  0.002092	
  0.940036	  0.013806	  0.037373	  0.008785	
  0.349463	  0.155766	  0.457677	  0.037094	
  1.000000	  0.000000	  0.000000	  0.000000	
  0.000000	  0.001673	  0.000000	  0.998327	
  0.001534	  0.000000	  0.998466	  0.000000	
  0.001813	  0.000000	  0.998187	  0.000000	
  0.113234	  0.786083	  0.005299	  0.095384	
  0.120904	  0.234416	  0.385581	  0.259099	
  0.125366	  0.122019	  0.649142	  0.103472	
  0.185748	  0.637010	  0.054525	  0.122716	

MOTIF MA0059.1 MAX::MYC

letter-probability matrix: alength= 4 w= 11 nsites= 21 E= 0
  0.333333	  0.047619	  0.428571	  0.190476	
  0.714286	  0.047619	  0.190476	  0.047619	
  0.095238	  0.428571	  0.428571	  0.047619	
  0.047619	  0.952381	  0.000000	  0.000000	
  1.000000	  0.000000	  0.000000	  0.000000	
  0.000000	  0.952381	  0.000000	  0.047619	
  0.047619	  0.000000	  0.952381	  0.000000	
  0.000000	  0.047619	  0.000000	  0.952381	
  0.000000	  0.000000	  1.000000	  0.000000	
  0.047619	  0.047619	  0.857143	  0.047619	
  0.142857	  0.238095	  0.000000	  0.619048	

MOTIF MA1114.1 PBX3

letter-probability matrix: alength= 4 w= 17 nsites= 7021 E= 0
  0.227176	  0.243697	  0.312206	  0.216921	
  0.215069	  0.245549	  0.275459	  0.263923	
  0.188007	  0.263353	  0.274605	  0.274035	
  0.084888	  0.032047	  0.071642	  0.811423	
  0.032474	  0.032332	  0.912406	  0.022789	
  0.915254	  0.017804	  0.030480	  0.036462	
  0.047714	  0.112235	  0.702037	  0.138015	
  0.035180	  0.028344	  0.040593	  0.895884	
  0.020795	  0.034468	  0.932916	  0.011822	
  0.877938	  0.015382	  0.086028	  0.020652	
  0.021364	  0.929212	  0.029768	  0.019655	
  0.867540	  0.018373	  0.060533	  0.053554	
  0.052557	  0.058681	  0.810568	  0.078194	
  0.125908	  0.196126	  0.580687	  0.097280	
  0.178180	  0.378009	  0.226606	  0.217206	
  0.266201	  0.230594	  0.294545	  0.208660	
  0.212933	  0.256516	  0.315767	  0.214784	

MOTIF MA0077.1 SOX9

letter-probability matrix: alength= 4 w= 9 nsites= 76 E= 0
  0.039474	  0.723684	  0.118421	  0.118421	
  0.105263	  0.500000	  0.078947	  0.315789	
  0.934211	  0.013158	  0.000000	  0.052632	
  0.026316	  0.013158	  0.026316	  0.934211	
  0.092105	  0.000000	  0.052632	  0.855263	
  0.026316	  0.026316	  0.947368	  0.000000	
  0.171053	  0.000000	  0.052632	  0.776316	
  0.118421	  0.092105	  0.078947	  0.710526	
  0.184211	  0.407895	  0.092105	  0.315789	

MOTIF MA0509.1 Rfx1

letter-probability matrix: alength= 4 w= 14 nsites= 2138 E= 0
  0.135641	  0.073433	  0.716558	  0.074369	
  0.027128	  0.103835	  0.176333	  0.692703	
  0.067820	  0.389616	  0.061272	  0.481291	
  0.196913	  0.202526	  0.356408	  0.244153	
  0.017306	  0.817587	  0.044902	  0.120206	
  0.000000	  0.957905	  0.000000	  0.042095	
  0.586529	  0.188026	  0.034144	  0.191300	
  0.064546	  0.053789	  0.044902	  0.836763	
  0.282507	  0.000000	  0.717493	  0.000000	
  0.086997	  0.000000	  0.913003	  0.000000	
  0.134238	  0.799813	  0.005613	  0.060337	
  0.838634	  0.000000	  0.114125	  0.047240	
  0.973807	  0.000000	  0.026193	  0.000000	
  0.000000	  1.000000	  0.000000	  0.000000	

MOTIF MA0502.1 NFYB

letter-probability matrix: alength= 4 w= 15 nsites= 7020 E= 0
  0.422365	  0.225071	  0.282621	  0.069943	
  0.401140	  0.250570	  0.153561	  0.194729	
  0.401852	  0.250712	  0.167521	  0.179915	
  0.093305	  0.317379	  0.155128	  0.434188	
  0.096011	  0.295726	  0.385613	  0.222650	
  0.403419	  0.155413	  0.424217	  0.016952	
  0.499858	  0.019801	  0.416097	  0.064245	
  0.000000	  1.000000	  0.000000	  0.000000	
  0.000000	  1.000000	  0.000000	  0.000000	
  1.000000	  0.000000	  0.000000	  0.000000	
  0.997578	  0.000000	  0.002422	  0.000000	
  0.000000	  0.000000	  0.000000	  1.000000	
  0.058832	  0.680912	  0.243447	  0.016809	
  0.776923	  0.013818	  0.207550	  0.001709	
  0.103276	  0.134330	  0.731624	  0.030769	

MOTIF MA0501.1 MAF::NFE2

letter-probability matrix: alength= 4 w= 15 nsites= 1090 E= 0
  0.666055	  0.023853	  0.306422	  0.003670	
  0.000000	  0.000000	  0.000000	  1.000000	
  0.000000	  0.000000	  0.992661	  0.007339	
  1.000000	  0.000000	  0.000000	  0.000000	
  0.014679	  0.799083	  0.152294	  0.033945	
  0.100917	  0.000917	  0.011009	  0.887156	
  0.073394	  0.859633	  0.020183	  0.046789	
  0.897248	  0.000000	  0.046789	  0.055963	
  0.007339	  0.003670	  0.955046	  0.033945	
  0.000000	  0.975229	  0.020183	  0.004587	
  0.854128	  0.015596	  0.066972	  0.063303	
  0.351376	  0.186239	  0.259633	  0.202752	
  0.331193	  0.091743	  0.119266	  0.457798	
  0.267890	  0.093578	  0.083486	  0.555046	
  0.193578	  0.259633	  0.097248	  0.449541	

MOTIF MA0081.1 SPIB

letter-probability matrix: alength= 4 w= 7 nsites= 49 E= 0
  0.632653	  0.000000	  0.000000	  0.367347	
  0.081633	  0.285714	  0.591837	  0.040816	
  0.489796	  0.326531	  0.142857	  0.040816	
  0.040816	  0.000000	  0.959184	  0.000000	
  0.020408	  0.000000	  0.959184	  0.020408	
  0.979592	  0.000000	  0.000000	  0.020408	
  0.959184	  0.000000	  0.000000	  0.040816	

MOTIF MA0492.1 JUND(var.2)

letter-probability matrix: alength= 4 w= 15 nsites= 33631 E= 0
  0.340400	  0.128631	  0.237757	  0.293212	
  0.399512	  0.095983	  0.259314	  0.245190	
  0.334840	  0.143796	  0.241147	  0.280218	
  0.404865	  0.072909	  0.468645	  0.053582	
  0.753680	  0.005025	  0.241295	  0.000000	
  0.000000	  0.000000	  0.000000	  1.000000	
  0.000000	  0.000000	  0.996432	  0.003568	
  1.000000	  0.000000	  0.000000	  0.000000	
  0.000000	  0.309417	  0.246410	  0.444174	
  0.152359	  0.054236	  0.793405	  0.000000	
  0.000000	  0.117005	  0.000000	  0.882995	
  0.261455	  0.734352	  0.004193	  0.000000	
  1.000000	  0.000000	  0.000000	  0.000000	
  0.007939	  0.162648	  0.071571	  0.757842	
  0.304927	  0.322351	  0.188844	  0.183878	

MOTIF MA0749.1 ZBED1

letter-probability matrix: alength= 4 w= 13 nsites= 5639 E= 0
  0.227506	  0.515588	  0.116614	  0.140292	
  0.075514	  0.003767	  0.009589	  0.911130	
  0.647833	  0.002530	  0.348288	  0.001349	
  0.001086	  0.001448	  0.000000	  0.997466	
  0.000000	  0.995553	  0.001112	  0.003335	
  0.020782	  0.000491	  0.978400	  0.000327	
  0.000731	  0.979163	  0.000000	  0.020106	
  0.000664	  0.000664	  0.998671	  0.000000	
  0.996073	  0.001683	  0.002244	  0.000000	
  0.001154	  0.832532	  0.000000	  0.166314	
  0.969675	  0.002022	  0.001838	  0.026466	
  0.019405	  0.044894	  0.104424	  0.831278	
  0.531394	  0.045942	  0.319210	  0.103454	

MOTIF MA0465.1 CDX2

letter-probability matrix: alength= 4 w= 11 nsites= 1597 E= 0
  0.383845	  0.199750	  0.300564	  0.115842	
  0.416406	  0.005009	  0.314339	  0.264245	
  0.192862	  0.085160	  0.721979	  0.000000	
  0.000000	  0.656230	  0.000000	  0.343770	
  0.436443	  0.520977	  0.000000	  0.042580	
  1.000000	  0.000000	  0.000000	  0.000000	
  0.000000	  0.000000	  0.000000	  1.000000	
  1.000000	  0.000000	  0.000000	  0.000000	
  1.000000	  0.000000	  0.000000	  0.000000	
  1.000000	  0.000000	  0.000000	  0.000000	
  0.634314	  0.093926	  0.195992	  0.075767	

MOTIF MA0068.2 PAX4

letter-probability matrix: alength= 4 w= 8 nsites= 438 E= 0
  0.070881	  0.637931	  0.090038	  0.201149	
  0.107209	  0.055453	  0.221811	  0.615527	
  0.985207	  0.005917	  0.000000	  0.008876	
  1.000000	  0.000000	  0.000000	  0.000000	
  0.000000	  0.000000	  0.014793	  0.985207	
  0.048387	  0.029570	  0.026882	  0.895161	
  0.748315	  0.200000	  0.024719	  0.026966	
  0.243112	  0.150729	  0.539708	  0.066451	

MOTIF MA0523.1 TCF7L2

letter-probability matrix: alength= 4 w= 14 nsites= 4188 E= 0
  0.364136	  0.180516	  0.272206	  0.183142	
  0.431710	  0.200573	  0.275310	  0.092407	
  0.733047	  0.032474	  0.133477	  0.101003	
  0.020296	  0.464900	  0.479465	  0.035339	
  0.667383	  0.006208	  0.000000	  0.326409	
  0.032951	  0.000000	  0.000000	  0.967049	
  0.037011	  0.788921	  0.174069	  0.000000	
  1.000000	  0.000000	  0.000000	  0.000000	
  0.979704	  0.003582	  0.016714	  0.000000	
  0.995463	  0.000000	  0.004537	  0.000000	
  0.072350	  0.008835	  0.918816	  0.000000	
  0.247135	  0.202722	  0.479465	  0.070678	
  0.333811	  0.268147	  0.288921	  0.109121	
  0.425501	  0.197230	  0.180755	  0.196514	

MOTIF MA0146.2 Zfx

letter-probability matrix: alength= 4 w= 14 nsites= 480 E= 0
  0.104822	  0.373166	  0.375262	  0.146751	
  0.123690	  0.356394	  0.362683	  0.157233	
  0.190377	  0.315900	  0.416318	  0.077406	
  0.150313	  0.102296	  0.620042	  0.127349	
  0.020790	  0.617464	  0.299376	  0.062370	
  0.012474	  0.750520	  0.004158	  0.232848	
  0.062370	  0.257796	  0.380457	  0.299376	
  0.397089	  0.318087	  0.253638	  0.031185	
  0.016632	  0.004158	  0.977131	  0.002079	
  0.000000	  0.006237	  0.991684	  0.002079	
  0.000000	  1.000000	  0.000000	  0.000000	
  0.000000	  0.997921	  0.000000	  0.002079	
  0.000000	  0.002079	  0.000000	  0.997921	
  0.175000	  0.254167	  0.454167	  0.116667	

MOTIF MA0051.1 IRF2

letter-probability matrix: alength= 4 w= 18 nsites= 12 E= 0
  0.000000	  0.333333	  0.583333	  0.083333	
  0.166667	  0.000000	  0.833333	  0.000000	
  1.000000	  0.000000	  0.000000	  0.000000	
  0.916667	  0.000000	  0.000000	  0.083333	
  1.000000	  0.000000	  0.000000	  0.000000	
  0.166667	  0.000000	  0.833333	  0.000000	
  0.000000	  0.500000	  0.000000	  0.500000	
  0.000000	  0.000000	  1.000000	  0.000000	
  1.000000	  0.000000	  0.000000	  0.000000	
  1.000000	  0.000000	  0.000000	  0.000000	
  1.000000	  0.000000	  0.000000	  0.000000	
  0.000000	  0.500000	  0.500000	  0.000000	
  0.000000	  0.583333	  0.166667	  0.250000	
  0.416667	  0.166667	  0.250000	  0.166667	
  0.500000	  0.000000	  0.166667	  0.333333	
  0.500000	  0.083333	  0.083333	  0.333333	
  0.416667	  0.166667	  0.083333	  0.333333	
  0.250000	  0.500000	  0.083333	  0.166667	

MOTIF MA0057.1 MZF1(var.2)

letter-probability matrix: alength= 4 w= 10 nsites= 16 E= 0
  0.062500	  0.250000	  0.437500	  0.250000	
  0.125000	  0.000000	  0.437500	  0.437500	
  0.937500	  0.062500	  0.000000	  0.000000	
  0.000000	  0.000000	  0.687500	  0.312500	
  0.000000	  0.000000	  0.937500	  0.062500	
  0.000000	  0.125000	  0.875000	  0.000000	
  0.000000	  0.000000	  0.875000	  0.125000	
  0.187500	  0.062500	  0.500000	  0.250000	
  0.625000	  0.000000	  0.250000	  0.125000	
  0.500000	  0.125000	  0.250000	  0.125000	

MOTIF MA0004.1 Arnt

letter-probability matrix: alength= 4 w= 6 nsites= 20 E= 0
  0.200000	  0.800000	  0.000000	  0.000000	
  0.950000	  0.000000	  0.050000	  0.000000	
  0.000000	  1.000000	  0.000000	  0.000000	
  0.000000	  0.000000	  1.000000	  0.000000	
  0.000000	  0.000000	  0.000000	  1.000000	
  0.000000	  0.000000	  1.000000	  0.000000	

MOTIF MA0160.1 NR4A2

letter-probability matrix: alength= 4 w= 8 nsites= 14 E= 0
  0.615385	  0.076923	  0.230769	  0.076923	
  0.928571	  0.000000	  0.071429	  0.000000	
  0.000000	  0.000000	  0.928571	  0.071429	
  0.214286	  0.000000	  0.785714	  0.000000	
  0.142857	  0.142857	  0.000000	  0.714286	
  0.000000	  0.928571	  0.000000	  0.071429	
  1.000000	  0.000000	  0.000000	  0.000000	
  0.230769	  0.615385	  0.153846	  0.000000	

MOTIF MA0519.1 Stat5a::Stat5b

letter-probability matrix: alength= 4 w= 11 nsites= 16507 E= 0
  0.373902	  0.140910	  0.268068	  0.217120	
  0.125583	  0.217847	  0.175744	  0.480826	
  0.000000	  0.000000	  0.000000	  1.000000	
  0.000000	  0.096929	  0.000000	  0.903071	
  0.000000	  0.989944	  0.000000	  0.010056	
  0.015933	  0.775126	  0.000000	  0.208942	
  0.426728	  0.371782	  0.000000	  0.201490	
  0.699279	  0.000000	  0.250803	  0.049918	
  0.000000	  0.000000	  1.000000	  0.000000	
  0.901920	  0.005634	  0.000000	  0.092446	
  0.901799	  0.000000	  0.098201	  0.000000	

MOTIF MA0149.1 EWSR1-FLI1

letter-probability matrix: alength= 4 w= 18 nsites= 105 E= 0
  0.000000	  0.000000	  1.000000	  0.000000	
  0.019048	  0.000000	  0.980952	  0.000000	
  0.990476	  0.000000	  0.009524	  0.000000	
  0.990476	  0.000000	  0.009524	  0.000000	
  0.009524	  0.000000	  0.990476	  0.000000	
  0.019048	  0.000000	  0.971429	  0.009524	
  0.980952	  0.000000	  0.019048	  0.000000	
  0.971429	  0.000000	  0.028571	  0.000000	
  0.000000	  0.000000	  0.990476	  0.009524	
  0.000000	  0.019048	  0.980952	  0.000000	
  0.942857	  0.038095	  0.019048	  0.000000	
  1.000000	  0.000000	  0.000000	  0.000000	
  0.000000	  0.000000	  1.000000	  0.000000	
  0.000000	  0.019048	  0.980952	  0.000000	
  0.952381	  0.028571	  0.000000	  0.019048	
  0.971429	  0.000000	  0.019048	  0.009524	
  0.047619	  0.000000	  0.923810	  0.028571	
  0.028571	  0.028571	  0.923810	  0.019048	

MOTIF MA0006.1 Ahr::Arnt

letter-probability matrix: alength= 4 w= 6 nsites= 24 E= 0
  0.125000	  0.333333	  0.083333	  0.458333	
  0.000000	  0.000000	  0.958333	  0.041667	
  0.000000	  0.958333	  0.000000	  0.041667	
  0.000000	  0.000000	  0.958333	  0.041667	
  0.000000	  0.000000	  0.000000	  1.000000	
  0.000000	  0.000000	  1.000000	  0.000000	

MOTIF MA0845.1 FOXB1

letter-probability matrix: alength= 4 w= 11 nsites= 7320 E= 0
  0.327674	  0.037245	  0.026017	  0.609065	
  0.697065	  0.034312	  0.195434	  0.073190	
  0.265533	  0.029191	  0.054767	  0.650509	
  0.141722	  0.006603	  0.836513	  0.015163	
  0.024410	  0.032547	  0.015324	  0.927719	
  0.699814	  0.279010	  0.010731	  0.010445	
  0.920108	  0.028648	  0.000000	  0.051244	
  0.956649	  0.006573	  0.006573	  0.030206	
  0.004015	  0.322960	  0.014915	  0.658110	
  0.957453	  0.000000	  0.021973	  0.020574	
  0.249086	  0.083760	  0.081275	  0.585879	

MOTIF MA0080.4 SPI1

letter-probability matrix: alength= 4 w= 14 nsites= 5411 E= 0
  0.644877	  0.090701	  0.186632	  0.077790	
  0.911188	  0.004761	  0.069035	  0.015016	
  0.992146	  0.000393	  0.001571	  0.005890	
  0.980751	  0.000000	  0.000000	  0.019249	
  0.899649	  0.000739	  0.002772	  0.096840	
  0.008826	  0.044308	  0.946506	  0.000360	
  0.272120	  0.617393	  0.110335	  0.000152	
  0.005439	  0.000188	  0.993998	  0.000375	
  0.000000	  0.000188	  0.999812	  0.000000	
  0.999413	  0.000392	  0.000000	  0.000196	
  0.998635	  0.000195	  0.000195	  0.000975	
  0.000000	  0.033880	  0.965936	  0.000184	
  0.004147	  0.013626	  0.002370	  0.979858	
  0.507508	  0.057658	  0.146747	  0.288088	

MOTIF MA0084.1 SRY

letter-probability matrix: alength= 4 w= 9 nsites= 28 E= 0
  0.178571	  0.178571	  0.357143	  0.285714	
  0.285714	  0.107143	  0.142857	  0.464286	
  0.535714	  0.000000	  0.107143	  0.357143	
  0.642857	  0.107143	  0.107143	  0.142857	
  0.892857	  0.000000	  0.000000	  0.107143	
  0.000000	  0.928571	  0.000000	  0.071429	
  1.000000	  0.000000	  0.000000	  0.000000	
  0.964286	  0.000000	  0.035714	  0.000000	
  0.250000	  0.000000	  0.071429	  0.678571	

MOTIF MA0503.1 Nkx2-5(var.2)

letter-probability matrix: alength= 4 w= 11 nsites= 3429 E= 0
  0.522018	  0.095363	  0.239428	  0.143190	
  0.373870	  0.055993	  0.427822	  0.142316	
  0.100321	  0.518227	  0.376786	  0.004666	
  0.000000	  1.000000	  0.000000	  0.000000	
  0.719452	  0.001750	  0.000000	  0.278798	
  0.000000	  1.000000	  0.000000	  0.000000	
  0.000000	  0.000000	  0.000000	  1.000000	
  0.000000	  0.988918	  0.000000	  0.011082	
  0.833479	  0.125693	  0.000000	  0.040828	
  0.660542	  0.000875	  0.240595	  0.097988	
  0.146398	  0.278798	  0.523476	  0.051327	

MOTIF MA0467.1 Crx

letter-probability matrix: alength= 4 w= 11 nsites= 2097 E= 0
  0.575584	  0.141631	  0.218407	  0.064378	
  0.693371	  0.020505	  0.198856	  0.087268	
  0.165474	  0.026228	  0.701001	  0.107296	
  0.449690	  0.105866	  0.392465	  0.051979	
  0.245589	  0.000000	  0.750596	  0.003815	
  0.000000	  0.000000	  1.000000	  0.000000	
  0.778255	  0.221745	  0.000000	  0.000000	
  0.000000	  0.000000	  0.000000	  1.000000	
  0.000000	  0.013829	  0.000000	  0.986171	
  0.951359	  0.000000	  0.000000	  0.048641	
  0.259418	  0.024797	  0.632332	  0.083453	

MOTIF MA0672.1 NKX2-3

letter-probability matrix: alength= 4 w= 10 nsites= 10792 E= 0
  0.384997	  0.235180	  0.214378	  0.165445	
  0.127023	  0.581985	  0.282211	  0.008782	
  0.004022	  0.982007	  0.000000	  0.013971	
  0.962248	  0.010164	  0.001659	  0.025928	
  0.000862	  0.999138	  0.000000	  0.000000	
  0.000000	  0.000000	  0.001936	  0.998064	
  0.000000	  0.091906	  0.000000	  0.908094	
  0.383038	  0.131051	  0.454931	  0.030979	
  0.641499	  0.063403	  0.126599	  0.168499	
  0.341668	  0.296831	  0.300496	  0.061005	

MOTIF MA1099.1 Hes1

letter-probability matrix: alength= 4 w= 10 nsites= 1000 E= 0
  0.187000	  0.258000	  0.377000	  0.178000	
  0.209000	  0.299000	  0.396000	  0.096000	
  0.040000	  0.875000	  0.014000	  0.071000	
  0.743744	  0.033033	  0.141141	  0.082082	
  0.029000	  0.833000	  0.056000	  0.082000	
  0.164835	  0.040959	  0.768232	  0.025974	
  0.115884	  0.469530	  0.066933	  0.347652	
  0.058000	  0.113000	  0.661000	  0.168000	
  0.226000	  0.302000	  0.151000	  0.321000	
  0.217217	  0.384384	  0.198198	  0.200200	

MOTIF MA0142.1 Pou5f1::Sox2

letter-probability matrix: alength= 4 w= 15 nsites= 1366 E= 0
  0.046188	  0.620235	  0.048387	  0.285191	
  0.423865	  0.042460	  0.020498	  0.513177	
  0.008047	  0.036576	  0.026335	  0.929042	
  0.034332	  0.008766	  0.057706	  0.899196	
  0.086194	  0.265157	  0.602630	  0.046019	
  0.303141	  0.013148	  0.021183	  0.662527	
  0.150475	  0.266618	  0.135866	  0.447042	
  0.902118	  0.021914	  0.017531	  0.058437	
  0.012418	  0.003652	  0.010957	  0.972973	
  0.007305	  0.011687	  0.905040	  0.075968	
  0.010234	  0.752193	  0.094298	  0.143275	
  0.769231	  0.011722	  0.021978	  0.197070	
  0.651248	  0.049927	  0.231278	  0.067548	
  0.881705	  0.024247	  0.055107	  0.038942	
  0.145481	  0.087436	  0.152094	  0.614989	

MOTIF MA0863.1 MTF1

letter-probability matrix: alength= 4 w= 14 nsites= 64 E= 0
  0.018182	  0.000000	  0.072727	  0.909091	
  0.051724	  0.086207	  0.172414	  0.689655	
  0.018182	  0.018182	  0.000000	  0.963636	
  0.028986	  0.014493	  0.956522	  0.000000	
  0.013889	  0.986111	  0.000000	  0.000000	
  0.963636	  0.000000	  0.018182	  0.018182	
  0.027397	  0.945205	  0.027397	  0.000000	
  0.912281	  0.052632	  0.017544	  0.017544	
  0.000000	  1.000000	  0.000000	  0.000000	
  0.013889	  0.000000	  0.972222	  0.013889	
  0.142857	  0.031746	  0.666667	  0.158730	
  0.000000	  0.887324	  0.000000	  0.112676	
  0.707692	  0.153846	  0.107692	  0.030769	
  0.029412	  0.911765	  0.014706	  0.044118	

MOTIF MA0078.1 Sox17

letter-probability matrix: alength= 4 w= 9 nsites= 31 E= 0
  0.225806	  0.290323	  0.193548	  0.290323	
  0.258065	  0.258065	  0.129032	  0.354839	
  0.096774	  0.580645	  0.032258	  0.290323	
  0.967742	  0.000000	  0.000000	  0.032258	
  0.000000	  0.032258	  0.000000	  0.967742	
  0.000000	  0.000000	  0.000000	  1.000000	
  0.000000	  0.000000	  1.000000	  0.000000	
  0.000000	  0.000000	  0.064516	  0.935484	
  0.000000	  0.548387	  0.322581	  0.129032	

MOTIF MA0657.1 KLF13

letter-probability matrix: alength= 4 w= 18 nsites= 2642 E= 0
  0.462435	  0.076050	  0.280589	  0.180926	
  0.219395	  0.013768	  0.238252	  0.528584	
  0.287386	  0.000000	  0.703647	  0.008967	
  0.314123	  0.584547	  0.036732	  0.064598	
  0.070621	  0.870056	  0.001883	  0.057439	
  0.995407	  0.000000	  0.004593	  0.000000	
  0.000000	  0.992663	  0.005136	  0.002201	
  0.007835	  0.000653	  0.988573	  0.002938	
  0.000000	  0.995633	  0.000000	  0.004367	
  0.002716	  0.997284	  0.000000	  0.000000	
  0.000563	  0.990433	  0.000000	  0.009004	
  0.222757	  0.772867	  0.000000	  0.004376	
  0.001466	  0.311676	  0.001466	  0.685393	
  0.060000	  0.134615	  0.020769	  0.784615	
  0.066398	  0.063172	  0.072581	  0.797849	
  0.167923	  0.126571	  0.192141	  0.513365	
  0.147715	  0.064351	  0.176600	  0.611335	
  0.124346	  0.096422	  0.534904	  0.244328	

MOTIF MA0163.1 PLAG1

letter-probability matrix: alength= 4 w= 14 nsites= 18 E= 0
  0.000000	  0.000000	  1.000000	  0.000000	
  0.166667	  0.000000	  0.777778	  0.055556	
  0.000000	  0.000000	  1.000000	  0.000000	
  0.000000	  0.000000	  0.944444	  0.055556	
  0.000000	  0.777778	  0.222222	  0.000000	
  0.000000	  0.833333	  0.055556	  0.111111	
  0.222222	  0.555556	  0.055556	  0.166667	
  0.666667	  0.000000	  0.000000	  0.333333	
  0.611111	  0.277778	  0.111111	  0.000000	
  0.111111	  0.000000	  0.777778	  0.111111	
  0.000000	  0.000000	  1.000000	  0.000000	
  0.000000	  0.000000	  1.000000	  0.000000	
  0.000000	  0.000000	  0.888889	  0.111111	
  0.111111	  0.000000	  0.888889	  0.000000	

MOTIF MA0494.1 Nr1h3::Rxra

letter-probability matrix: alength= 4 w= 19 nsites= 1269 E= 0
  0.000000	  0.039401	  0.022065	  0.938534	
  0.110323	  0.023641	  0.858156	  0.007880	
  0.581560	  0.191489	  0.107959	  0.118991	
  0.193853	  0.765169	  0.000000	  0.040977	
  0.045705	  0.851064	  0.002364	  0.100867	
  0.061466	  0.246651	  0.100867	  0.591017	
  0.282112	  0.250591	  0.270292	  0.197006	
  0.294720	  0.202522	  0.264775	  0.237983	
  0.625690	  0.000000	  0.252955	  0.121355	
  0.219070	  0.014972	  0.711584	  0.054374	
  0.060678	  0.000000	  0.003152	  0.936170	
  0.440504	  0.060678	  0.346730	  0.152088	
  0.709220	  0.139480	  0.151300	  0.000000	
  0.200946	  0.758077	  0.015760	  0.025217	
  0.092199	  0.819543	  0.000000	  0.088258	
  0.008668	  0.395587	  0.033097	  0.562648	
  0.106383	  0.400315	  0.154452	  0.338849	
  0.221434	  0.154452	  0.262411	  0.361702	
  0.186761	  0.228526	  0.345942	  0.238771	

MOTIF MA0647.1 GRHL1

letter-probability matrix: alength= 4 w= 12 nsites= 2852 E= 0
  0.539944	  0.189482	  0.099157	  0.171417	
  0.726875	  0.031806	  0.119346	  0.121973	
  0.933658	  0.001124	  0.041979	  0.023238	
  0.985754	  0.000396	  0.002770	  0.011080	
  0.000000	  1.000000	  0.000000	  0.000000	
  0.118379	  0.794831	  0.016273	  0.070517	
  0.107967	  0.016911	  0.810081	  0.065041	
  0.000000	  0.000401	  0.999599	  0.000000	
  0.029538	  0.001555	  0.000777	  0.968131	
  0.045099	  0.066051	  0.004261	  0.884588	
  0.188693	  0.133152	  0.060501	  0.617654	
  0.274990	  0.116018	  0.262947	  0.346046	

MOTIF MA0152.1 NFATC2

letter-probability matrix: alength= 4 w= 7 nsites= 26 E= 0
  0.115385	  0.038462	  0.076923	  0.769231	
  0.038462	  0.076923	  0.076923	  0.807692	
  0.038462	  0.038462	  0.000000	  0.923077	
  0.000000	  0.000000	  0.000000	  1.000000	
  0.038462	  0.961538	  0.000000	  0.000000	
  0.000000	  1.000000	  0.000000	  0.000000	
  0.692308	  0.115385	  0.038462	  0.153846	

MOTIF MA0743.1 SCRT1

letter-probability matrix: alength= 4 w= 15 nsites= 1417 E= 0
  0.356495	  0.126133	  0.433535	  0.083837	
  0.391681	  0.175910	  0.077123	  0.355286	
  0.015083	  0.020111	  0.703871	  0.260935	
  0.004739	  0.979689	  0.002031	  0.013541	
  0.946606	  0.031674	  0.000000	  0.021719	
  1.000000	  0.000000	  0.000000	  0.000000	
  0.000666	  0.999334	  0.000000	  0.000000	
  1.000000	  0.000000	  0.000000	  0.000000	
  0.114527	  0.001808	  0.880651	  0.003014	
  0.000000	  0.000000	  0.998774	  0.001226	
  0.000000	  0.002629	  0.001753	  0.995618	
  0.087849	  0.023959	  0.742727	  0.145465	
  0.073467	  0.114693	  0.546512	  0.265328	
  0.149123	  0.240829	  0.237640	  0.372408	
  0.219055	  0.258143	  0.096091	  0.426710	

MOTIF MA0515.1 Sox6

letter-probability matrix: alength= 4 w= 10 nsites= 249 E= 0
  0.016064	  0.558233	  0.200803	  0.224900	
  0.000000	  0.887550	  0.000000	  0.112450	
  0.646586	  0.000000	  0.000000	  0.353414	
  0.000000	  0.000000	  0.000000	  1.000000	
  0.000000	  0.000000	  0.000000	  1.000000	
  0.000000	  0.000000	  1.000000	  0.000000	
  0.000000	  0.000000	  0.000000	  1.000000	
  0.000000	  0.461847	  0.020080	  0.518072	
  0.016064	  0.449799	  0.000000	  0.534137	
  0.056225	  0.305221	  0.124498	  0.514056	

MOTIF MA0125.1 Nobox

letter-probability matrix: alength= 4 w= 8 nsites= 38 E= 0
  0.000000	  0.026316	  0.000000	  0.973684	
  0.947368	  0.000000	  0.000000	  0.052632	
  1.000000	  0.000000	  0.000000	  0.000000	
  0.026316	  0.026316	  0.052632	  0.894737	
  0.052632	  0.000000	  0.105263	  0.842105	
  0.394737	  0.000000	  0.578947	  0.026316	
  0.105263	  0.315789	  0.473684	  0.105263	
  0.052632	  0.342105	  0.157895	  0.447368	

MOTIF MA0776.1 MYBL1

letter-probability matrix: alength= 4 w= 12 nsites= 2700 E= 0
  0.720562	  0.011322	  0.177083	  0.091033	
  0.124373	  0.791756	  0.043728	  0.040143	
  0.094402	  0.808269	  0.097329	  0.000000	
  0.021595	  0.003085	  0.973557	  0.001763	
  0.004011	  0.011586	  0.000000	  0.984403	
  0.004490	  0.003592	  0.000000	  0.991917	
  0.988367	  0.000000	  0.005369	  0.006264	
  0.981342	  0.007996	  0.010662	  0.000000	
  0.006261	  0.987925	  0.000447	  0.005367	
  0.032469	  0.343100	  0.437339	  0.187092	
  0.124747	  0.091599	  0.558957	  0.224696	
  0.150294	  0.346311	  0.018108	  0.485287	

MOTIF MA0091.1 TAL1::TCF3

letter-probability matrix: alength= 4 w= 12 nsites= 44 E= 0
  0.295455	  0.318182	  0.181818	  0.204545	
  0.204545	  0.227273	  0.454545	  0.113636	
  0.886364	  0.000000	  0.068182	  0.045455	
  0.454545	  0.545455	  0.000000	  0.000000	
  0.000000	  0.977273	  0.022727	  0.000000	
  1.000000	  0.000000	  0.000000	  0.000000	
  0.000000	  0.022727	  0.250000	  0.727273	
  0.272727	  0.727273	  0.000000	  0.000000	
  0.000000	  0.000000	  0.000000	  1.000000	
  0.000000	  0.000000	  0.977273	  0.022727	
  0.000000	  0.068182	  0.454545	  0.477273	
  0.090909	  0.090909	  0.045455	  0.772727	

MOTIF MA0868.1 SOX8

letter-probability matrix: alength= 4 w= 16 nsites= 469 E= 0
  0.985011	  0.000000	  0.000000	  0.014989	
  1.000000	  0.000000	  0.000000	  0.000000	
  0.002169	  0.997831	  0.000000	  0.000000	
  0.995671	  0.000000	  0.004329	  0.000000	
  0.993521	  0.002160	  0.002160	  0.002160	
  0.000000	  0.000000	  0.002169	  0.997831	
  0.321429	  0.013889	  0.591270	  0.073413	
  0.002169	  0.000000	  0.000000	  0.997831	
  0.056497	  0.077213	  0.698682	  0.167608	
  0.000000	  0.991379	  0.004310	  0.004310	
  1.000000	  0.000000	  0.000000	  0.000000	
  0.002160	  0.000000	  0.993521	  0.004320	
  0.000000	  0.000000	  0.002169	  0.997831	
  0.000000	  0.000000	  1.000000	  0.000000	
  0.002169	  0.000000	  0.000000	  0.997831	
  0.000000	  0.008621	  0.000000	  0.991379	

MOTIF MA0092.1 Hand1::Tcf3

letter-probability matrix: alength= 4 w= 10 nsites= 29 E= 0
  0.137931	  0.275862	  0.344828	  0.241379	
  0.344828	  0.000000	  0.517241	  0.137931	
  0.068966	  0.068966	  0.034483	  0.827586	
  0.000000	  0.965517	  0.000000	  0.034483	
  0.000000	  0.000000	  0.000000	  1.000000	
  0.000000	  0.000000	  1.000000	  0.000000	
  0.000000	  0.103448	  0.862069	  0.034483	
  0.310345	  0.482759	  0.034483	  0.172414	
  0.551724	  0.000000	  0.103448	  0.344828	
  0.172414	  0.137931	  0.137931	  0.551724	

MOTIF MA0105.4 NFKB1

letter-probability matrix: alength= 4 w= 13 nsites= 14348 E= 0
  0.688387	  0.164166	  0.080737	  0.066710	
  0.000472	  0.000000	  0.999266	  0.000262	
  0.000000	  0.000156	  0.999739	  0.000104	
  0.000205	  0.000000	  0.983478	  0.016317	
  0.011614	  0.000152	  0.986864	  0.001369	
  0.929534	  0.004801	  0.063574	  0.002091	
  0.507574	  0.001305	  0.002319	  0.488802	
  0.001391	  0.082865	  0.007332	  0.908413	
  0.001748	  0.984473	  0.000411	  0.013368	
  0.049517	  0.950085	  0.000100	  0.000299	
  0.000417	  0.999271	  0.000104	  0.000208	
  0.000621	  0.998343	  0.000207	  0.000828	
  0.080679	  0.084742	  0.219426	  0.615153	

MOTIF MA0108.2 TBP

letter-probability matrix: alength= 4 w= 15 nsites= 389 E= 0
  0.156812	  0.372751	  0.390746	  0.079692	
  0.041131	  0.118252	  0.046272	  0.794344	
  0.904884	  0.000000	  0.005141	  0.089974	
  0.007712	  0.025707	  0.005141	  0.961440	
  0.910026	  0.000000	  0.012853	  0.077121	
  0.688946	  0.000000	  0.000000	  0.311054	
  0.925450	  0.007712	  0.051414	  0.015424	
  0.570694	  0.005141	  0.113111	  0.311054	
  0.398458	  0.113111	  0.403599	  0.084833	
  0.143959	  0.347044	  0.385604	  0.123393	
  0.213368	  0.377892	  0.329049	  0.079692	
  0.210797	  0.326478	  0.329049	  0.133676	
  0.210797	  0.303342	  0.329049	  0.156812	
  0.174807	  0.275064	  0.357326	  0.192802	
  0.197943	  0.259640	  0.359897	  0.182519	

MOTIF MA0065.2 Pparg::Rxra

letter-probability matrix: alength= 4 w= 15 nsites= 862 E= 0
  0.109685	  0.369895	  0.373396	  0.147025	
  0.117716	  0.193473	  0.148019	  0.540793	
  0.453488	  0.026744	  0.427907	  0.091860	
  0.116144	  0.003484	  0.779326	  0.101045	
  0.161253	  0.017401	  0.781903	  0.039443	
  0.168213	  0.149652	  0.458237	  0.223898	
  0.082271	  0.633835	  0.207416	  0.076477	
  0.949015	  0.024334	  0.017381	  0.009270	
  0.604867	  0.055620	  0.312862	  0.026651	
  0.825231	  0.005787	  0.158565	  0.010417	
  0.095017	  0.002317	  0.888760	  0.013905	
  0.047509	  0.010429	  0.803013	  0.139050	
  0.025492	  0.114716	  0.304751	  0.555041	
  0.062645	  0.643852	  0.167053	  0.126450	
  0.784223	  0.067285	  0.054524	  0.093968	

MOTIF MA0101.1 REL

letter-probability matrix: alength= 4 w= 10 nsites= 17 E= 0
  0.000000	  0.294118	  0.470588	  0.235294	
  0.000000	  0.058824	  0.882353	  0.058824	
  0.058824	  0.000000	  0.882353	  0.058824	
  0.294118	  0.058824	  0.529412	  0.117647	
  0.352941	  0.294118	  0.176471	  0.176471	
  0.294118	  0.058824	  0.058824	  0.588235	
  0.058824	  0.000000	  0.000000	  0.941176	
  0.117647	  0.000000	  0.000000	  0.882353	
  0.000000	  0.882353	  0.000000	  0.117647	
  0.058824	  0.941176	  0.000000	  0.000000	

MOTIF MA0063.1 Nkx2-5

letter-probability matrix: alength= 4 w= 7 nsites= 17 E= 0
  0.411765	  0.000000	  0.058824	  0.529412	
  0.000000	  0.235294	  0.000000	  0.764706	
  1.000000	  0.000000	  0.000000	  0.000000	
  1.000000	  0.000000	  0.000000	  0.000000	
  0.000000	  0.000000	  0.411765	  0.588235	
  0.235294	  0.117647	  0.000000	  0.647059	
  0.117647	  0.058824	  0.647059	  0.176471	

MOTIF MA0520.1 Stat6

letter-probability matrix: alength= 4 w= 15 nsites= 1852 E= 0
  0.138769	  0.357991	  0.260259	  0.242981	
  0.359071	  0.177106	  0.200864	  0.262959	
  0.082073	  0.305616	  0.235421	  0.376890	
  0.000000	  0.000000	  0.000000	  1.000000	
  0.007019	  0.000000	  0.000000	  0.992981	
  0.065875	  0.907127	  0.000000	  0.026998	
  0.037797	  0.650108	  0.000000	  0.312095	
  0.358531	  0.011339	  0.118251	  0.511879	
  0.177106	  0.288337	  0.484881	  0.049676	
  0.622570	  0.001620	  0.224622	  0.151188	
  0.014039	  0.000000	  0.969762	  0.016199	
  1.000000	  0.000000	  0.000000	  0.000000	
  0.998380	  0.000000	  0.001620	  0.000000	
  0.335313	  0.291577	  0.214903	  0.158207	
  0.186285	  0.264579	  0.126890	  0.422246	

MOTIF MA0505.1 Nr5a2

letter-probability matrix: alength= 4 w= 15 nsites= 1702 E= 0
  0.378966	  0.131610	  0.372503	  0.116921	
  0.578731	  0.099882	  0.197415	  0.123972	
  0.162162	  0.116334	  0.581669	  0.139835	
  0.071680	  0.222092	  0.215041	  0.491187	
  0.041716	  0.206228	  0.013514	  0.738543	
  0.004700	  0.949471	  0.043478	  0.002350	
  0.990012	  0.008226	  0.000000	  0.001763	
  0.986486	  0.000000	  0.013514	  0.000000	
  0.022914	  0.000000	  0.977086	  0.000000	
  0.000000	  0.000000	  1.000000	  0.000000	
  0.099295	  0.343126	  0.035840	  0.521739	
  0.000000	  0.921269	  0.007051	  0.071680	
  0.844301	  0.011751	  0.052879	  0.091069	
  0.159224	  0.202703	  0.434783	  0.203290	
  0.146298	  0.407168	  0.266745	  0.179788	

MOTIF MA0616.1 Hes2

letter-probability matrix: alength= 4 w= 13 nsites= 1000 E= 0
  0.214214	  0.214214	  0.214214	  0.357357	
  0.341341	  0.197197	  0.197197	  0.264264	
  0.341341	  0.197197	  0.197197	  0.264264	
  0.245000	  0.333000	  0.245000	  0.177000	
  0.083000	  0.152000	  0.682000	  0.083000	
  0.603000	  0.000000	  0.397000	  0.000000	
  0.282000	  0.718000	  0.000000	  0.000000	
  0.930000	  0.000000	  0.070000	  0.000000	
  0.174000	  0.754000	  0.036000	  0.036000	
  0.123000	  0.053000	  0.771000	  0.053000	
  0.053000	  0.053000	  0.053000	  0.841000	
  0.143000	  0.073000	  0.711000	  0.073000	
  0.238000	  0.428000	  0.167000	  0.167000	

MOTIF MA0513.1 SMAD2::SMAD3::SMAD4

letter-probability matrix: alength= 4 w= 13 nsites= 899 E= 0
  0.184650	  0.480534	  0.186874	  0.147942	
  0.218020	  0.083426	  0.037820	  0.660734	
  0.015573	  0.008899	  0.975528	  0.000000	
  0.036707	  0.050056	  0.114572	  0.798665	
  0.000000	  1.000000	  0.000000	  0.000000	
  0.000000	  0.000000	  0.000000	  1.000000	
  0.117909	  0.256952	  0.599555	  0.025584	
  0.234705	  0.139043	  0.311457	  0.314794	
  0.000000	  0.996663	  0.003337	  0.000000	
  0.850945	  0.021135	  0.020022	  0.107898	
  0.033370	  0.818687	  0.147942	  0.000000	
  0.130145	  0.648498	  0.052280	  0.169077	
  0.122358	  0.238042	  0.038932	  0.600667	

MOTIF MA0497.1 MEF2C

letter-probability matrix: alength= 4 w= 15 nsites= 2209 E= 0
  0.319149	  0.145315	  0.306021	  0.229516	
  0.331824	  0.068357	  0.259393	  0.340426	
  0.195111	  0.088728	  0.372114	  0.344047	
  0.172929	  0.639203	  0.035310	  0.152558	
  0.000000	  0.445903	  0.000000	  0.554097	
  0.731553	  0.115890	  0.033499	  0.119058	
  0.772295	  0.014486	  0.109099	  0.104120	
  0.953825	  0.000000	  0.039384	  0.006790	
  0.964690	  0.000000	  0.000905	  0.034405	
  0.966501	  0.000000	  0.001811	  0.031689	
  0.025351	  0.028067	  0.000000	  0.946582	
  0.985514	  0.000000	  0.014486	  0.000000	
  0.176098	  0.054323	  0.756451	  0.013128	
  0.441376	  0.378452	  0.066999	  0.113173	
  0.456768	  0.203712	  0.057039	  0.282481	

MOTIF MA0472.2 EGR2

letter-probability matrix: alength= 4 w= 11 nsites= 2342 E= 0
  0.558398	  0.327703	  0.045367	  0.068533	
  0.000000	  0.938862	  0.016949	  0.044189	
  0.069444	  0.000000	  0.878296	  0.052260	
  0.003708	  0.962917	  0.015451	  0.017923	
  0.014944	  0.967621	  0.009340	  0.008095	
  0.000000	  0.823331	  0.021312	  0.155356	
  0.939606	  0.048140	  0.011379	  0.000875	
  0.000000	  0.984355	  0.001252	  0.014393	
  0.024588	  0.000000	  0.935746	  0.039666	
  0.002320	  0.919374	  0.011601	  0.066705	
  0.605245	  0.054895	  0.189510	  0.150350	

MOTIF MA0795.1 SMAD3

letter-probability matrix: alength= 4 w= 10 nsites= 3781 E= 0
  0.134076	  0.442643	  0.021055	  0.402227	
  0.005642	  0.004513	  0.984767	  0.005078	
  0.027793	  0.007825	  0.022396	  0.941986	
  0.002559	  0.992607	  0.003128	  0.001706	
  0.000000	  0.012892	  0.008688	  0.978419	
  0.985323	  0.008467	  0.006209	  0.000000	
  0.000000	  0.002854	  0.996290	  0.000856	
  0.930685	  0.053053	  0.001333	  0.014929	
  0.005648	  0.985880	  0.002824	  0.005648	
  0.698340	  0.086817	  0.063213	  0.151630	

MOTIF MA0508.2 PRDM1

letter-probability matrix: alength= 4 w= 10 nsites= 3785 E= 0
  0.181242	  0.151387	  0.146631	  0.520740	
  0.174901	  0.561427	  0.081902	  0.181770	
  0.996301	  0.000528	  0.002906	  0.000264	
  0.000793	  0.997622	  0.000264	  0.001321	
  0.001849	  0.000528	  0.006605	  0.991017	
  0.003699	  0.000528	  0.001585	  0.994188	
  0.006077	  0.001321	  0.000528	  0.992074	
  0.001585	  0.997886	  0.000528	  0.000000	
  0.464993	  0.184148	  0.045443	  0.305416	
  0.127081	  0.641480	  0.074505	  0.156935	

MOTIF MA0527.1 ZBTB33

